OrderedDict([('fusion_weight', tensor([ 0.5830, -0.2570,  1.1282,  0.8174,  0.5245,  1.4250,  2.5105,  0.2740],
       device='cuda:0')), ('counter.weight', tensor([[[[0.1250, 0.1250, 0.1250],
          [0.1250, 0.0000, 0.1250],
          [0.1250, 0.1250, 0.1250]]]], device='cuda:0')), ('heads.0.0.weight', tensor([[[[ 5.3645e-01]],

         [[ 5.2414e-01]]],


        [[[ 7.4651e-01]],

         [[ 8.8369e-01]]],


        [[[ 8.0916e-01]],

         [[ 4.6511e-01]]],


        [[[ 4.2729e-01]],

         [[ 5.0844e-01]]],


        [[[ 2.7536e-02]],

         [[-7.6613e-05]]],


        [[[-3.4724e-03]],

         [[ 7.8290e-04]]],


        [[[ 2.6010e-03]],

         [[-1.3009e-03]]],


        [[[ 3.7131e-04]],

         [[ 4.9532e-04]]],


        [[[ 1.2852e-01]],

         [[ 7.2001e-01]]],


        [[[ 5.0750e-01]],

         [[ 5.2982e-01]]],


        [[[-5.8935e-05]],

         [[ 6.4353e-01]]],


        [[[ 4.1818e-01]],

         [[ 4.3931e-01]]],


        [[[ 3.0147e-01]],

         [[-1.2130e+00]]],


        [[[ 5.9456e-04]],

         [[ 1.2455e-03]]],


        [[[ 1.3747e-03]],

         [[-1.3803e-03]]],


        [[[-3.4520e-02]],

         [[-6.6969e-01]]],


        [[[-2.2159e-03]],

         [[-1.0970e-03]]],


        [[[-1.8565e-01]],

         [[ 5.1734e-01]]],


        [[[-1.9361e-01]],

         [[-3.3393e-05]]],


        [[[ 6.3418e-01]],

         [[ 5.7000e-01]]],


        [[[-1.1617e-03]],

         [[ 7.2383e-04]]],


        [[[ 3.5904e-04]],

         [[-4.3130e-03]]],


        [[[ 2.1503e-01]],

         [[-1.1730e+00]]],


        [[[-5.1777e-05]],

         [[ 3.5290e-04]]],


        [[[-1.4348e-03]],

         [[-2.7556e-03]]],


        [[[ 1.5195e-01]],

         [[ 4.0530e-01]]],


        [[[ 2.3668e-01]],

         [[ 5.6419e-01]]],


        [[[-1.3219e-02]],

         [[-1.0424e+00]]],


        [[[ 4.5265e-04]],

         [[ 2.1790e-01]]],


        [[[ 2.4879e-01]],

         [[ 8.1342e-01]]],


        [[[ 2.1960e-02]],

         [[ 1.2567e+00]]],


        [[[-7.5551e-04]],

         [[-1.0266e-03]]]], device='cuda:0')), ('heads.0.0.bias', tensor([ 0.7575,  0.3707,  0.6093, -0.6315,  0.2623, -0.6147, -0.2387, -0.5491,
         0.7183,  0.0148,  0.5936, -0.6674,  0.4558, -0.4445, -0.6019,  0.7483,
        -0.2298,  0.5209,  0.4177,  0.7316, -0.2333, -0.4647,  0.5202, -0.4202,
        -0.3372,  0.2098,  0.6935,  1.0712, -0.4886,  0.0601,  0.0912, -0.3838],
       device='cuda:0')), ('heads.0.2.weight', tensor([[[[-3.5137e-01]],

         [[-3.7854e-01]],

         [[-3.8203e-01]],

         [[-1.2821e-01]],

         [[-6.4387e-03]],

         [[-9.5705e-05]],

         [[-9.9506e-04]],

         [[-2.8852e-04]],

         [[-2.3592e-01]],

         [[-2.0038e-01]],

         [[-5.9006e-02]],

         [[-6.4133e-02]],

         [[ 1.2632e+00]],

         [[ 7.4266e-04]],

         [[-1.5958e-03]],

         [[ 5.9987e-01]],

         [[ 7.9749e-05]],

         [[-1.5615e-01]],

         [[ 1.4331e-02]],

         [[-3.0080e-01]],

         [[ 2.8667e-03]],

         [[-2.4275e-03]],

         [[ 1.1425e+00]],

         [[ 3.7955e-04]],

         [[-7.7245e-04]],

         [[-2.8571e-01]],

         [[-2.3009e-01]],

         [[ 8.3364e-01]],

         [[-7.2849e-05]],

         [[-1.3810e-01]],

         [[-7.3608e-01]],

         [[-1.0207e-03]]],


        [[[ 3.4307e-01]],

         [[ 3.3134e-01]],

         [[ 2.8483e-01]],

         [[ 2.2057e-01]],

         [[ 1.0677e-01]],

         [[-5.6816e-04]],

         [[ 4.6456e-04]],

         [[ 8.7691e-04]],

         [[ 3.2939e-01]],

         [[ 4.4033e-01]],

         [[ 3.2460e-01]],

         [[ 8.8297e-02]],

         [[-9.9694e-01]],

         [[-1.6022e-03]],

         [[-1.4676e-03]],

         [[-7.4732e-01]],

         [[-1.9028e-03]],

         [[ 3.2316e-01]],

         [[-2.8375e-05]],

         [[ 2.0103e-01]],

         [[-4.7813e-04]],

         [[-1.1777e-03]],

         [[-1.0013e+00]],

         [[ 1.4692e-04]],

         [[-1.9844e-03]],

         [[ 2.7344e-01]],

         [[ 3.0689e-01]],

         [[-9.7600e-01]],

         [[-1.4090e-04]],

         [[ 3.5015e-01]],

         [[ 8.0696e-01]],

         [[ 9.6046e-04]]]], device='cuda:0')), ('heads.0.2.bias', tensor([-0.3250,  0.1663], device='cuda:0')), ('heads.1.0.weight', tensor([[[[ 1.5577e-04]],

         [[ 5.9781e-04]]],


        [[[ 5.9258e-04]],

         [[ 4.8564e-05]]],


        [[[ 2.1753e-02]],

         [[-1.2494e-04]]],


        [[[ 1.3042e-01]],

         [[-8.8882e-01]]],


        [[[ 1.3627e-03]],

         [[-2.2273e-03]]],


        [[[ 1.0093e-03]],

         [[ 2.0842e-04]]],


        [[[-6.0180e-05]],

         [[ 3.0736e-04]]],


        [[[ 7.2035e-01]],

         [[ 5.8600e-01]]],


        [[[ 1.2244e-04]],

         [[-8.4900e-01]]],


        [[[ 3.0923e-01]],

         [[ 4.8972e-01]]],


        [[[ 2.9051e-01]],

         [[ 6.5260e-01]]],


        [[[-2.9707e-04]],

         [[ 9.7744e-02]]],


        [[[ 1.7602e-04]],

         [[ 3.8779e-01]]],


        [[[ 3.0946e-04]],

         [[ 9.4882e-04]]],


        [[[ 5.8897e-01]],

         [[ 7.8975e-01]]],


        [[[-1.6840e-03]],

         [[ 5.0260e-04]]],


        [[[-5.8797e-04]],

         [[-1.4586e-03]]],


        [[[ 8.8605e-04]],

         [[ 1.6431e-03]]],


        [[[ 2.4910e-01]],

         [[-1.1845e+00]]],


        [[[ 6.8874e-01]],

         [[ 4.0540e-01]]],


        [[[ 7.5402e-05]],

         [[ 1.1868e-01]]],


        [[[-3.3101e-01]],

         [[-3.0611e-04]]],


        [[[ 1.3069e-01]],

         [[-9.6565e-01]]],


        [[[-8.6531e-05]],

         [[ 1.8571e-03]]],


        [[[ 4.6826e-01]],

         [[ 2.2520e-01]]],


        [[[ 6.4972e-01]],

         [[ 6.6428e-01]]],


        [[[ 6.3737e-01]],

         [[ 4.5533e-01]]],


        [[[-9.2101e-05]],

         [[-6.9891e-01]]],


        [[[ 9.9775e-04]],

         [[-2.3474e-03]]],


        [[[-1.4527e-01]],

         [[ 9.9295e-01]]],


        [[[-5.9864e-04]],

         [[ 5.8245e-04]]],


        [[[-2.4605e-03]],

         [[-4.8761e-03]]]], device='cuda:0')), ('heads.1.0.bias', tensor([-0.3766, -0.2437,  0.2700,  0.3336, -0.5712, -0.4948, -0.6631,  0.6761,
         0.9222,  0.2315,  0.6938,  0.4724,  0.0107, -0.3878, -0.0172, -0.6310,
        -0.4705, -0.3342,  0.4447,  0.7197, -0.4376,  0.5041,  0.8278, -0.2084,
         0.3093,  0.3890,  0.4526,  1.0369, -0.4080,  0.0305, -0.3308, -0.4380],
       device='cuda:0')), ('heads.1.2.weight', tensor([[[[-2.1596e-03]],

         [[ 2.4202e-03]],

         [[-1.9302e-02]],

         [[ 5.1602e-01]],

         [[-1.5547e-03]],

         [[-2.8918e-03]],

         [[ 1.1801e-03]],

         [[-3.7205e-01]],

         [[ 7.6791e-01]],

         [[-2.5272e-01]],

         [[-2.9825e-01]],

         [[-1.1527e-01]],

         [[-7.3107e-02]],

         [[ 1.6345e-03]],

         [[-1.7396e-01]],

         [[ 3.6766e-04]],

         [[ 3.8907e-04]],

         [[-5.3716e-03]],

         [[ 8.3867e-01]],

         [[-3.2302e-01]],

         [[-5.5132e-04]],

         [[-2.8356e-03]],

         [[ 8.4741e-01]],

         [[ 6.2785e-04]],

         [[-3.2905e-01]],

         [[-3.0710e-01]],

         [[-2.3252e-01]],

         [[ 6.4855e-01]],

         [[ 1.6002e-03]],

         [[-6.6065e-01]],

         [[ 6.8765e-04]],

         [[ 3.3119e-04]]],


        [[[ 2.7673e-03]],

         [[ 4.1765e-03]],

         [[ 1.4585e-01]],

         [[-5.1113e-01]],

         [[ 1.4160e-03]],

         [[ 5.5442e-03]],

         [[ 6.5584e-04]],

         [[ 2.6837e-01]],

         [[-9.7402e-01]],

         [[ 3.4843e-01]],

         [[ 1.3160e-01]],

         [[ 1.1788e-01]],

         [[ 2.2835e-01]],

         [[-3.4102e-03]],

         [[ 3.4624e-01]],

         [[-1.1127e-03]],

         [[-6.9616e-04]],

         [[-1.5786e-03]],

         [[-8.7529e-01]],

         [[ 1.2940e-01]],

         [[-2.4437e-04]],

         [[-1.7509e-02]],

         [[-1.0290e+00]],

         [[ 2.2616e-04]],

         [[ 1.8787e-01]],

         [[ 3.2194e-01]],

         [[ 1.7156e-01]],

         [[-8.8130e-01]],

         [[-1.1759e-03]],

         [[ 3.9966e-01]],

         [[ 2.8569e-03]],

         [[-3.6740e-04]]]], device='cuda:0')), ('heads.1.2.bias', tensor([-0.2475,  0.1789], device='cuda:0')), ('heads.2.0.weight', tensor([[[[-1.2306e-03]],

         [[-1.6759e-03]]],


        [[[ 6.5568e-01]],

         [[ 1.0095e+00]]],


        [[[ 5.7120e-05]],

         [[ 6.1704e-01]]],


        [[[-3.1405e-03]],

         [[-1.4554e-03]]],


        [[[ 1.0483e-04]],

         [[ 1.0462e+00]]],


        [[[ 2.9381e-01]],

         [[ 8.9620e-01]]],


        [[[ 3.9221e-01]],

         [[ 1.1259e+00]]],


        [[[ 6.5901e-02]],

         [[ 2.5087e-01]]],


        [[[ 3.3205e-01]],

         [[ 1.0785e+00]]],


        [[[ 2.5695e-03]],

         [[ 4.4957e-05]]],


        [[[ 1.2478e-04]],

         [[-1.1178e-03]]],


        [[[-7.7565e-02]],

         [[-1.0564e+00]]],


        [[[ 3.1433e-01]],

         [[ 6.7897e-01]]],


        [[[ 2.6866e-03]],

         [[ 1.0395e-03]]],


        [[[ 2.3658e-01]],

         [[-1.1949e+00]]],


        [[[ 7.2256e-03]],

         [[ 1.0620e+00]]],


        [[[ 6.8474e-01]],

         [[-9.2963e-07]]],


        [[[ 1.4698e-04]],

         [[ 6.4775e-01]]],


        [[[ 7.4062e-01]],

         [[ 1.1413e-01]]],


        [[[ 1.3752e-03]],

         [[ 1.9152e-03]]],


        [[[ 7.4658e-01]],

         [[ 6.3728e-01]]],


        [[[-1.2089e-04]],

         [[ 1.4846e-03]]],


        [[[ 3.8652e-01]],

         [[-1.4165e+00]]],


        [[[ 1.7067e-01]],

         [[ 3.9696e-01]]],


        [[[-1.5534e-02]],

         [[-9.9731e-01]]],


        [[[ 8.1268e-01]],

         [[ 4.5293e-02]]],


        [[[-4.2781e-03]],

         [[ 1.9995e-03]]],


        [[[ 1.9246e-03]],

         [[ 1.2117e-03]]],


        [[[ 7.4917e-01]],

         [[ 9.1162e-01]]],


        [[[ 8.6806e-01]],

         [[ 8.8603e-01]]],


        [[[ 1.2723e-02]],

         [[-6.5545e-02]]],


        [[[ 3.7312e-01]],

         [[ 3.6683e-01]]]], device='cuda:0')), ('heads.2.0.bias', tensor([-0.1436,  0.2327,  0.0343, -0.2190,  0.3529,  0.1794,  0.0177,  0.6797,
         0.6998, -0.2199, -0.1150,  1.1342,  0.7920, -0.0630,  0.9486,  0.0802,
         0.6345,  0.4389,  0.3017, -0.3943,  0.2622, -0.3239,  0.4975,  0.7597,
         1.0159,  0.2580, -0.2854, -0.5828,  0.3455,  0.7186, -0.2088,  0.5590],
       device='cuda:0')), ('heads.2.2.weight', tensor([[[[ 1.9669e-03]],

         [[-2.7403e-01]],

         [[-3.2004e-01]],

         [[-4.6340e-05]],

         [[-2.9588e-01]],

         [[-4.0181e-01]],

         [[-4.2099e-01]],

         [[-8.2115e-02]],

         [[-3.6543e-01]],

         [[-5.8368e-04]],

         [[-8.4388e-04]],

         [[ 1.0931e+00]],

         [[-3.9678e-01]],

         [[-7.7103e-05]],

         [[ 1.1742e+00]],

         [[-4.6812e-01]],

         [[-2.7384e-01]],

         [[-2.4984e-01]],

         [[-2.2043e-01]],

         [[ 1.2117e-03]],

         [[-1.5010e-01]],

         [[ 8.6398e-04]],

         [[ 1.3313e+00]],

         [[-3.0359e-01]],

         [[ 1.0161e+00]],

         [[-2.7477e-01]],

         [[-1.2860e-03]],

         [[ 5.5519e-04]],

         [[-2.9148e-01]],

         [[-3.8034e-01]],

         [[-5.1866e-05]],

         [[-3.7467e-01]]],


        [[[ 1.7957e-03]],

         [[ 4.0184e-01]],

         [[ 1.2718e-01]],

         [[ 1.8145e-03]],

         [[ 3.4083e-01]],

         [[ 4.0316e-01]],

         [[ 3.6237e-01]],

         [[ 2.6005e-01]],

         [[ 2.4483e-01]],

         [[ 1.8317e-03]],

         [[ 1.9278e-06]],

         [[-1.0047e+00]],

         [[ 2.1505e-01]],

         [[ 4.7727e-04]],

         [[-1.1718e+00]],

         [[ 3.0734e-01]],

         [[ 2.4062e-02]],

         [[ 3.1341e-01]],

         [[ 2.5670e-01]],

         [[-1.9396e-03]],

         [[ 3.9634e-01]],

         [[ 7.7058e-04]],

         [[-1.4864e+00]],

         [[ 1.6590e-01]],

         [[-1.1475e+00]],

         [[ 1.8133e-01]],

         [[ 3.8866e-04]],

         [[ 1.3775e-03]],

         [[ 4.0213e-01]],

         [[ 3.7220e-01]],

         [[-4.0559e-05]],

         [[ 2.8225e-01]]]], device='cuda:0')), ('heads.2.2.bias', tensor([-0.1801,  0.3223], device='cuda:0')), ('heads.3.0.weight', tensor([[[[ 3.6464e-01]],

         [[-1.4599e+00]]],


        [[[-3.0573e-01]],

         [[-7.1144e-01]]],


        [[[ 1.4031e-01]],

         [[-4.3564e-01]]],


        [[[ 3.6522e-04]],

         [[-2.7961e-03]]],


        [[[ 7.9054e-01]],

         [[-1.3309e+00]]],


        [[[ 4.6982e-04]],

         [[-5.2071e-04]]],


        [[[ 3.7017e-01]],

         [[ 5.5240e-01]]],


        [[[ 8.3138e-01]],

         [[-1.3551e+00]]],


        [[[-2.7783e-03]],

         [[ 6.4174e-04]]],


        [[[ 2.0318e-01]],

         [[ 1.8974e-01]]],


        [[[ 3.2420e-01]],

         [[ 2.7162e-01]]],


        [[[-5.9301e-04]],

         [[-7.6928e-06]]],


        [[[ 3.0023e-01]],

         [[ 5.1621e-01]]],


        [[[ 6.3162e-01]],

         [[ 8.6967e-01]]],


        [[[ 3.1524e-03]],

         [[ 1.1552e-03]]],


        [[[ 4.8795e-02]],

         [[ 2.9906e-01]]],


        [[[-4.5415e-02]],

         [[-1.1008e+00]]],


        [[[-2.7938e-02]],

         [[ 4.9894e-01]]],


        [[[ 1.1425e-01]],

         [[ 7.1337e-01]]],


        [[[-2.3456e-02]],

         [[-7.9793e-01]]],


        [[[ 7.9437e-01]],

         [[ 1.0341e-02]]],


        [[[ 4.4068e-04]],

         [[-3.0248e-03]]],


        [[[ 3.9816e-05]],

         [[ 2.9544e-03]]],


        [[[-1.3463e-01]],

         [[ 1.0773e-04]]],


        [[[ 3.0337e-01]],

         [[ 2.7350e-01]]],


        [[[-2.2880e-01]],

         [[ 9.3663e-01]]],


        [[[ 6.4223e-04]],

         [[-3.8597e-03]]],


        [[[-4.7566e-04]],

         [[-1.9695e-03]]],


        [[[ 1.2363e-01]],

         [[-8.5874e-01]]],


        [[[-2.4146e-02]],

         [[-1.2885e+00]]],


        [[[ 1.7617e-03]],

         [[-8.1284e-04]]],


        [[[ 1.8756e-01]],

         [[ 1.0541e+00]]]], device='cuda:0')), ('heads.3.0.bias', tensor([ 0.5474,  1.0820,  0.1664, -0.1413,  0.4981, -0.2783, -0.5144,  0.5075,
        -0.4487,  0.5703, -0.2502, -0.5201,  0.3775,  0.0195, -0.5072, -0.0215,
         1.1490,  0.5299,  0.0160,  0.8420,  0.6890, -0.6322, -0.0940,  0.0774,
         0.3524,  0.6711, -0.1405, -0.1951,  0.7244,  1.3173, -0.3123, -0.0084],
       device='cuda:0')), ('heads.3.2.weight', tensor([[[[ 1.5436e+00]],

         [[ 7.0498e-01]],

         [[ 4.2230e-02]],

         [[-1.7954e-03]],

         [[ 1.2295e+00]],

         [[-1.0466e-03]],

         [[-3.0616e-01]],

         [[ 1.7658e+00]],

         [[ 1.4333e-05]],

         [[-2.4782e-01]],

         [[-1.1903e-01]],

         [[ 7.7794e-04]],

         [[-2.2720e-01]],

         [[-2.2956e-01]],

         [[ 3.7685e-04]],

         [[-5.6034e-02]],

         [[ 1.1205e+00]],

         [[-1.5832e-01]],

         [[-3.8341e-01]],

         [[ 7.5509e-01]],

         [[-2.0730e-01]],

         [[-5.1176e-04]],

         [[ 3.1025e-04]],

         [[-1.9017e-04]],

         [[-2.9774e-01]],

         [[-3.5976e-01]],

         [[ 2.1390e-03]],

         [[-2.2618e-04]],

         [[ 7.9945e-01]],

         [[ 8.2968e-01]],

         [[-2.6591e-03]],

         [[-3.6217e-01]]],


        [[[-1.3309e+00]],

         [[-7.3810e-01]],

         [[-2.7841e-02]],

         [[ 1.3806e-03]],

         [[-1.2671e+00]],

         [[ 1.3568e-03]],

         [[ 1.2903e-01]],

         [[-1.7407e+00]],

         [[ 5.8728e-05]],

         [[ 7.5574e-02]],

         [[ 1.3535e-01]],

         [[ 8.0208e-04]],

         [[ 1.4602e-01]],

         [[ 3.3895e-01]],

         [[-4.6311e-04]],

         [[ 5.5508e-02]],

         [[-9.3714e-01]],

         [[ 1.7065e-01]],

         [[ 4.8476e-01]],

         [[-6.7492e-01]],

         [[ 3.0688e-01]],

         [[-1.5056e-03]],

         [[-2.4487e-03]],

         [[ 1.7821e-05]],

         [[ 4.2631e-02]],

         [[ 3.9727e-01]],

         [[-1.2286e-03]],

         [[ 1.6823e-03]],

         [[-8.9056e-01]],

         [[-1.0889e+00]],

         [[-5.9621e-04]],

         [[ 5.1507e-01]]]], device='cuda:0')), ('heads.3.2.bias', tensor([-0.1495,  0.2484], device='cuda:0')), ('heads.4.0.weight', tensor([[[[ 5.3671e-01]],

         [[ 1.0361e+00]]],


        [[[-1.4102e-04]],

         [[ 1.7807e-03]]],


        [[[-1.0205e-02]],

         [[ 9.4037e-01]]],


        [[[ 4.9043e-01]],

         [[ 8.8049e-01]]],


        [[[ 2.4638e-01]],

         [[-1.1513e-04]]],


        [[[ 5.8730e-01]],

         [[ 2.0270e-01]]],


        [[[ 6.1332e-04]],

         [[ 1.8176e-05]]],


        [[[ 3.6985e-01]],

         [[ 5.3255e-01]]],


        [[[ 3.6998e-01]],

         [[-1.4831e+00]]],


        [[[-7.4516e-02]],

         [[-8.0733e-01]]],


        [[[ 2.0733e-04]],

         [[ 5.4197e-01]]],


        [[[-3.7165e-02]],

         [[-8.5387e-01]]],


        [[[ 1.7625e-04]],

         [[ 6.0118e-01]]],


        [[[ 6.1958e-04]],

         [[ 9.8913e-04]]],


        [[[-1.7097e-05]],

         [[-1.4540e-01]]],


        [[[-4.8901e-06]],

         [[ 2.8648e-03]]],


        [[[ 7.5085e-04]],

         [[ 2.9199e-05]]],


        [[[-1.0528e-01]],

         [[ 3.4246e-01]]],


        [[[ 6.8587e-01]],

         [[ 9.7300e-01]]],


        [[[ 8.1520e-01]],

         [[-1.3497e+00]]],


        [[[ 4.2046e-01]],

         [[-3.1965e-02]]],


        [[[-1.0042e-03]],

         [[ 5.3692e-04]]],


        [[[ 1.1672e-04]],

         [[-5.7206e-04]]],


        [[[-1.3353e-03]],

         [[-8.2402e-04]]],


        [[[ 9.4937e-04]],

         [[ 1.6522e-03]]],


        [[[-5.4102e-02]],

         [[-1.1737e+00]]],


        [[[ 4.4462e-03]],

         [[-1.6025e-04]]],


        [[[ 3.4244e-01]],

         [[ 3.8887e-01]]],


        [[[ 2.3201e-01]],

         [[-1.3024e+00]]],


        [[[ 2.6136e-03]],

         [[ 5.0623e-04]]],


        [[[-3.2861e-03]],

         [[ 1.2569e-03]]],


        [[[-9.7382e-04]],

         [[ 1.8249e-03]]]], device='cuda:0')), ('heads.4.0.bias', tensor([ 0.0145, -0.1434,  0.0548, -0.6595, -0.3076,  0.6017, -0.3251,  0.0158,
         0.5567,  1.0074,  0.0151,  1.0192,  0.1779, -0.2885,  0.4024, -0.5090,
        -0.6183,  0.8053,  0.8255,  0.5053,  0.7821, -0.0632, -0.6403, -0.4795,
        -0.3507,  1.2731, -0.5962,  0.0040,  1.0639, -0.3233, -0.5331, -0.4935],
       device='cuda:0')), ('heads.4.2.weight', tensor([[[[-3.7173e-01]],

         [[ 1.4226e-04]],

         [[-4.3360e-01]],

         [[-2.0625e-01]],

         [[ 5.7177e-06]],

         [[-2.3665e-01]],

         [[ 1.1958e-03]],

         [[-2.5100e-01]],

         [[ 1.3324e+00]],

         [[ 6.5585e-01]],

         [[-2.2425e-01]],

         [[ 7.5686e-01]],

         [[-2.3611e-01]],

         [[ 4.3296e-04]],

         [[-5.9369e-04]],

         [[ 8.9671e-04]],

         [[-4.6352e-05]],

         [[-2.7692e-01]],

         [[-3.8250e-01]],

         [[ 1.5185e+00]],

         [[-1.0326e-01]],

         [[-1.8845e-03]],

         [[ 2.9359e-03]],

         [[-4.8675e-04]],

         [[-2.4365e-03]],

         [[ 8.9556e-01]],

         [[-5.5035e-05]],

         [[-8.0784e-02]],

         [[ 1.0103e+00]],

         [[ 1.0231e-03]],

         [[ 8.5894e-04]],

         [[-1.8744e-03]]],


        [[[ 2.3794e-01]],

         [[ 1.4500e-03]],

         [[ 4.6376e-01]],

         [[ 3.9413e-01]],

         [[ 6.8514e-02]],

         [[ 3.5752e-01]],

         [[-1.6436e-03]],

         [[ 3.6429e-01]],

         [[-1.3237e+00]],

         [[-6.2791e-01]],

         [[ 1.3143e-01]],

         [[-6.6928e-01]],

         [[ 3.9513e-01]],

         [[ 3.4913e-04]],

         [[-1.0914e-04]],

         [[ 7.6908e-04]],

         [[ 1.7133e-03]],

         [[ 2.9524e-01]],

         [[ 2.8274e-01]],

         [[-1.7039e+00]],

         [[ 1.6595e-01]],

         [[ 1.0955e-03]],

         [[ 1.8892e-03]],

         [[-1.1834e-03]],

         [[ 1.7690e-03]],

         [[-9.5760e-01]],

         [[ 4.2297e-04]],

         [[ 1.0774e-01]],

         [[-1.0940e+00]],

         [[-6.9213e-05]],

         [[ 1.1496e-03]],

         [[-1.3902e-05]]]], device='cuda:0')), ('heads.4.2.bias', tensor([-0.1418,  0.3147], device='cuda:0')), ('heads.5.0.weight', tensor([[[[ 3.0126e-05]],

         [[ 8.9966e-01]]],


        [[[-5.1182e-04]],

         [[ 8.8166e-04]]],


        [[[ 2.1256e-01]],

         [[ 4.4897e-01]]],


        [[[ 5.4780e-01]],

         [[ 6.2661e-01]]],


        [[[ 4.0317e-05]],

         [[ 5.3644e-01]]],


        [[[ 1.5317e-03]],

         [[ 6.6723e-04]]],


        [[[ 4.7509e-04]],

         [[-1.1462e-03]]],


        [[[ 1.0511e-01]],

         [[-2.8220e-05]]],


        [[[ 3.3939e-01]],

         [[ 3.8218e-01]]],


        [[[ 8.2439e-01]],

         [[-1.3740e+00]]],


        [[[-7.6006e-02]],

         [[-1.1912e+00]]],


        [[[ 3.1622e-03]],

         [[-6.7978e-04]]],


        [[[ 4.0741e-01]],

         [[-1.6317e+00]]],


        [[[-6.6658e-05]],

         [[-5.4033e-04]]],


        [[[-6.6588e-02]],

         [[-8.2570e-01]]],


        [[[-7.3172e-04]],

         [[ 1.2818e-03]]],


        [[[-2.2906e-03]],

         [[ 1.6092e-04]]],


        [[[ 1.3022e-01]],

         [[ 3.9094e-01]]],


        [[[ 2.8109e-01]],

         [[-4.5828e-05]]],


        [[[-2.7308e-02]],

         [[-5.8140e-01]]],


        [[[ 3.0298e-02]],

         [[ 3.8349e-01]]],


        [[[-1.6127e-03]],

         [[ 1.7025e-03]]],


        [[[ 1.1541e+00]],

         [[-1.8823e+00]]],


        [[[ 3.5255e-01]],

         [[-1.8844e+00]]],


        [[[ 4.1627e-01]],

         [[-1.6709e+00]]],


        [[[ 8.3730e-01]],

         [[ 2.1419e-02]]],


        [[[ 7.0552e-02]],

         [[ 1.0634e-01]]],


        [[[ 7.1583e-02]],

         [[-6.4357e-01]]],


        [[[ 4.6226e-01]],

         [[-1.8454e+00]]],


        [[[ 2.2751e-05]],

         [[ 4.9228e-02]]],


        [[[ 2.7387e-01]],

         [[ 1.0502e+00]]],


        [[[ 8.6316e-01]],

         [[ 1.5279e-01]]]], device='cuda:0')), ('heads.5.0.bias', tensor([ 0.6534, -0.3758,  0.1059,  0.3965,  0.2868, -0.3557, -0.6468,  0.6510,
        -0.3504,  0.5131,  1.2715, -0.2628,  0.6117, -0.0859,  0.8958, -0.6265,
        -0.6349,  0.4316, -0.5942,  0.6119,  0.5027, -0.2384,  0.7044,  0.8213,
         0.6262,  0.4712,  0.0271,  0.5717,  0.6898, -0.5106,  0.0356,  0.3791],
       device='cuda:0')), ('heads.5.2.weight', tensor([[[[-2.0512e-01]],

         [[ 8.3780e-04]],

         [[-4.4131e-01]],

         [[-3.7878e-01]],

         [[-2.1045e-01]],

         [[ 2.8625e-05]],

         [[ 2.5955e-03]],

         [[-2.6221e-04]],

         [[-1.4279e-01]],

         [[ 1.5663e+00]],

         [[ 8.4914e-01]],

         [[ 1.4867e-03]],

         [[ 1.4339e+00]],

         [[-1.3378e-03]],

         [[ 9.5886e-01]],

         [[ 2.8370e-03]],

         [[ 4.7275e-03]],

         [[-1.8065e-01]],

         [[-6.6968e-04]],

         [[ 5.4770e-01]],

         [[-8.8492e-02]],

         [[-7.3444e-04]],

         [[ 1.7863e+00]],

         [[ 1.0716e+00]],

         [[ 1.9046e+00]],

         [[-2.6989e-01]],

         [[-1.4816e-01]],

         [[ 2.1397e-01]],

         [[ 1.8020e+00]],

         [[-9.5568e-05]],

         [[-4.5315e-01]],

         [[-3.0775e-01]]],


        [[[ 3.0506e-01]],

         [[-1.2303e-05]],

         [[ 1.8193e-01]],

         [[ 4.0614e-01]],

         [[ 1.3751e-01]],

         [[ 1.0675e-03]],

         [[ 6.8080e-04]],

         [[ 5.1513e-02]],

         [[ 1.7591e-01]],

         [[-1.6568e+00]],

         [[-1.1304e+00]],

         [[-6.6277e-04]],

         [[-1.3163e+00]],

         [[ 5.7365e-04]],

         [[-9.7601e-01]],

         [[-7.7590e-04]],

         [[-3.6327e-04]],

         [[ 2.9088e-01]],

         [[ 2.5465e-04]],

         [[-5.1671e-01]],

         [[ 2.4104e-01]],

         [[-1.1508e-03]],

         [[-1.6776e+00]],

         [[-1.2328e+00]],

         [[-1.5688e+00]],

         [[ 2.8416e-01]],

         [[ 3.4070e-02]],

         [[-2.0352e-01]],

         [[-1.7302e+00]],

         [[ 5.9498e-05]],

         [[ 5.0280e-01]],

         [[ 3.3854e-01]]]], device='cuda:0')), ('heads.5.2.bias', tensor([-0.1789,  0.0997], device='cuda:0')), ('heads.6.0.weight', tensor([[[[-1.7790e-03]],

         [[-1.0186e-04]]],


        [[[-1.7652e-02]],

         [[ 4.1272e-05]]],


        [[[-2.6243e-01]],

         [[-7.5592e-01]]],


        [[[ 2.1874e-01]],

         [[-8.7528e-01]]],


        [[[ 1.0573e-01]],

         [[ 9.5038e-01]]],


        [[[-1.8553e-01]],

         [[ 5.0853e-01]]],


        [[[-1.9493e-01]],

         [[-8.7251e-01]]],


        [[[-3.1172e-04]],

         [[ 7.2172e-04]]],


        [[[ 6.2732e-01]],

         [[-2.5014e+00]]],


        [[[-4.0306e-02]],

         [[-3.9851e-01]]],


        [[[ 2.8296e-01]],

         [[ 5.2497e-05]]],


        [[[-3.5376e-03]],

         [[ 6.6102e-04]]],


        [[[ 4.6587e-01]],

         [[-1.8603e+00]]],


        [[[ 6.7087e-01]],

         [[ 6.6396e-01]]],


        [[[ 2.2709e-03]],

         [[ 2.2209e-03]]],


        [[[-9.5470e-04]],

         [[ 7.7356e-04]]],


        [[[-9.8802e-04]],

         [[-4.7830e-04]]],


        [[[-5.3607e-01]],

         [[ 5.2379e-02]]],


        [[[-2.2332e-01]],

         [[-7.9018e-01]]],


        [[[ 3.7955e-01]],

         [[ 1.6122e-01]]],


        [[[ 3.9528e-01]],

         [[ 2.6066e-01]]],


        [[[ 4.2704e-01]],

         [[ 1.0187e+00]]],


        [[[-1.7178e-04]],

         [[ 6.8059e-04]]],


        [[[ 8.5927e-01]],

         [[ 9.7855e-05]]],


        [[[-8.6148e-04]],

         [[ 2.7356e-03]]],


        [[[ 6.9815e-01]],

         [[ 5.4606e-01]]],


        [[[ 6.3279e-01]],

         [[ 1.1102e+00]]],


        [[[ 1.5402e+00]],

         [[-2.4895e+00]]],


        [[[-3.4886e-02]],

         [[-3.7851e-05]]],


        [[[-5.9690e-02]],

         [[ 9.9615e-01]]],


        [[[ 8.7158e-01]],

         [[ 7.4407e-01]]],


        [[[ 1.1327e+00]],

         [[-1.8358e+00]]]], device='cuda:0')), ('heads.6.0.bias', tensor([-0.3570,  0.4930,  1.0195,  0.3274,  0.1631,  0.4530,  1.0670, -0.2543,
         0.9357,  0.4912, -0.6841, -0.1071,  0.6987, -0.5804, -0.3960, -0.4080,
        -0.3905,  0.5045,  1.0135,  0.7622,  0.4216,  0.4587, -0.2561,  0.6965,
        -0.6437,  0.6451,  0.0636,  0.9245,  0.3291,  0.5746,  0.3189,  0.6867],
       device='cuda:0')), ('heads.6.2.weight', tensor([[[[ 7.2452e-04]],

         [[-1.0457e-04]],

         [[ 1.0525e+00]],

         [[ 3.8051e-01]],

         [[-4.2166e-01]],

         [[-2.0339e-01]],

         [[ 1.1137e+00]],

         [[ 1.9686e-03]],

         [[ 1.7680e+00]],

         [[ 1.3159e-01]],

         [[ 8.4257e-05]],

         [[-4.7991e-04]],

         [[ 1.3473e+00]],

         [[-4.9779e-01]],

         [[ 2.9182e-04]],

         [[ 8.5378e-04]],

         [[-8.6176e-04]],

         [[ 2.4554e-01]],

         [[ 1.0234e+00]],

         [[-2.3992e-01]],

         [[-3.1863e-01]],

         [[-4.2110e-01]],

         [[-1.8495e-03]],

         [[-2.1387e-01]],

         [[ 4.9610e-04]],

         [[-2.5762e-01]],

         [[-3.9491e-01]],

         [[ 2.9781e+00]],

         [[-9.4071e-05]],

         [[-3.6743e-01]],

         [[-2.4293e-01]],

         [[ 2.0582e+00]]],


        [[[-1.3413e-03]],

         [[ 1.0384e-01]],

         [[-9.4245e-01]],

         [[-4.3860e-01]],

         [[ 4.1369e-01]],

         [[ 7.3015e-02]],

         [[-8.5584e-01]],

         [[ 1.2345e-03]],

         [[-1.8768e+00]],

         [[-2.0213e-01]],

         [[ 3.7012e-05]],

         [[-5.1625e-04]],

         [[-1.2480e+00]],

         [[ 6.6317e-01]],

         [[-1.9231e-03]],

         [[-3.4651e-03]],

         [[ 7.9305e-04]],

         [[-2.4362e-01]],

         [[-9.2903e-01]],

         [[ 2.7210e-01]],

         [[ 3.4758e-01]],

         [[ 3.7253e-01]],

         [[-8.1085e-04]],

         [[ 1.8977e-01]],

         [[-1.2034e-03]],

         [[ 2.7920e-01]],

         [[ 2.8152e-01]],

         [[-2.9776e+00]],

         [[ 7.1077e-05]],

         [[ 3.4386e-01]],

         [[ 4.2945e-01]],

         [[-2.1936e+00]]]], device='cuda:0')), ('heads.6.2.bias', tensor([-0.0358,  0.1063], device='cuda:0')), ('heads.7.0.weight', tensor([[[[ 4.5270e-01]],

         [[ 7.0196e-01]]],


        [[[-2.1613e-03]],

         [[ 1.4603e-03]]],


        [[[ 1.7167e-04]],

         [[-1.0209e-03]]],


        [[[ 1.4994e-05]],

         [[-2.0490e-04]]],


        [[[ 2.6970e-03]],

         [[ 1.3182e-03]]],


        [[[ 1.2364e-01]],

         [[ 4.3544e-05]]],


        [[[ 2.2432e-01]],

         [[ 6.2764e-01]]],


        [[[ 5.2735e-01]],

         [[-9.6929e-01]]],


        [[[-1.6579e-01]],

         [[ 2.7606e-01]]],


        [[[ 6.8747e-01]],

         [[-1.0770e+00]]],


        [[[-1.4057e-04]],

         [[ 2.6927e-04]]],


        [[[ 1.4312e-03]],

         [[ 6.0271e-04]]],


        [[[ 2.6813e-01]],

         [[-2.2072e-01]]],


        [[[ 2.2021e-02]],

         [[ 1.2435e-01]]],


        [[[ 4.4361e-01]],

         [[ 6.9072e-01]]],


        [[[ 2.0835e-01]],

         [[-9.6810e-01]]],


        [[[-7.6666e-04]],

         [[ 1.0436e-03]]],


        [[[-5.5662e-04]],

         [[ 2.4791e-04]]],


        [[[-1.2050e-03]],

         [[-8.1252e-04]]],


        [[[ 2.1113e-01]],

         [[ 2.2239e-01]]],


        [[[ 2.6875e-05]],

         [[ 4.8645e-01]]],


        [[[ 4.9966e-04]],

         [[ 4.4456e-05]]],


        [[[-8.6707e-04]],

         [[-8.6751e-04]]],


        [[[ 1.1725e-03]],

         [[ 5.0440e-05]]],


        [[[-1.5680e-04]],

         [[ 3.5967e-04]]],


        [[[ 3.0600e-01]],

         [[-4.6975e-05]]],


        [[[ 9.1481e-04]],

         [[ 5.7137e-04]]],


        [[[ 9.0765e-03]],

         [[ 3.3292e-01]]],


        [[[ 5.2451e-01]],

         [[ 6.5723e-01]]],


        [[[-2.9162e-03]],

         [[-3.1072e-04]]],


        [[[-1.6914e-03]],

         [[-1.9029e-03]]],


        [[[-6.0027e-04]],

         [[ 1.0133e-03]]]], device='cuda:0')), ('heads.7.0.bias', tensor([ 0.6857, -0.5410, -0.2779, -0.0646, -0.6366,  0.5817,  0.5547,  0.3636,
         0.7186,  0.3896,  0.0547, -0.3674,  0.3556,  0.6815,  0.2586,  0.3643,
        -0.5068, -0.5507, -0.1089,  0.1481,  0.4393, -0.1548, -0.1932, -0.0388,
        -0.4565, -0.6334, -0.6631, -0.7297,  0.2798, -0.3520, -0.6330, -0.0823],
       device='cuda:0')), ('heads.7.2.weight', tensor([[[[-1.8682e-01]],

         [[ 6.8522e-04]],

         [[-2.5926e-03]],

         [[ 9.8179e-04]],

         [[ 1.4372e-03]],

         [[-1.0895e-01]],

         [[-2.3776e-01]],

         [[ 7.3481e-01]],

         [[-1.7764e-01]],

         [[ 1.2249e+00]],

         [[ 6.1308e-05]],

         [[ 3.1658e-03]],

         [[-6.1107e-02]],

         [[-2.3938e-01]],

         [[-2.9409e-01]],

         [[ 6.4215e-01]],

         [[-5.3283e-04]],

         [[-1.2792e-03]],

         [[ 1.1286e-04]],

         [[-5.7329e-02]],

         [[-2.3048e-01]],

         [[-2.0945e-03]],

         [[ 1.7116e-03]],

         [[-2.6815e-03]],

         [[ 9.1373e-04]],

         [[ 8.0610e-05]],

         [[ 2.7268e-04]],

         [[ 4.6298e-05]],

         [[-4.0393e-01]],

         [[ 1.9897e-04]],

         [[ 1.4621e-03]],

         [[ 2.7099e-03]]],


        [[[ 2.8581e-01]],

         [[-1.3297e-03]],

         [[ 1.5744e-03]],

         [[-7.2338e-04]],

         [[-6.5766e-05]],

         [[-5.1176e-05]],

         [[ 1.4485e-01]],

         [[-7.4170e-01]],

         [[ 1.9107e-01]],

         [[-1.1599e+00]],

         [[ 8.1817e-02]],

         [[ 1.3722e-03]],

         [[-3.6545e-05]],

         [[ 6.5446e-02]],

         [[ 3.5216e-01]],

         [[-6.0892e-01]],

         [[-1.0978e-03]],

         [[ 5.9766e-04]],

         [[ 1.9324e-03]],

         [[ 7.5810e-02]],

         [[ 1.7020e-01]],

         [[ 5.9496e-04]],

         [[ 1.8116e-04]],

         [[-1.8018e-03]],

         [[ 5.5584e-04]],

         [[ 1.1958e-04]],

         [[ 9.7144e-04]],

         [[ 1.5466e-04]],

         [[ 2.1960e-01]],

         [[ 8.8328e-04]],

         [[-3.6596e-03]],

         [[ 1.4869e-03]]]], device='cuda:0')), ('heads.7.2.bias', tensor([-0.1308,  0.2213], device='cuda:0'))])